0 (1.3101037740707397, 0, 50.0)
1 (1.294337272644043, 0, 50.0)
2 (1.281553030014038, 0, 50.0)
3 (1.2817952632904053, 1, 72.07792207792208)
4 (1.3440099954605103, 1, 72.07792207792208)
5 (1.3555517196655273, 1, 72.07792207792208)
6 (1.2972406148910522, 1, 72.07792207792208)
7 (1.3039287328720093, 1, 72.07792207792208)
8 (1.31516695022583, 2, 67.20779220779221)
9 (1.3786479234695435, 2, 67.20779220779221)
10 (1.3652007579803467, 2, 67.20779220779221)
11 (1.3737043142318726, 2, 67.20779220779221)
12 (1.3658392429351807, 2, 67.20779220779221)
13 (1.3748762607574463, 3, 25.0)
14 (1.40084969997406, 3, 25.0)
15 (1.4214553833007812, 3, 25.0)
16 (1.4031338691711426, 3, 25.0)
17 (1.378421425819397, 3, 25.0)
18 (1.4132429361343384, 4, 64.6103896103896)
19 (1.3235377073287964, 4, 69.8051948051948)
20 (1.3276183605194092, 4, 72.40259740259741)
21 (1.3777670860290527, 4, 74.67532467532467)
22 (1.397656798362732, 4, 75.0)
23 (1.3219884634017944, 4, 75.0)
24 (1.3866479396820068, 5, 46.103896103896105)
25 (1.3571879863739014, 5, 47.077922077922075)
26 (1.425864577293396, 5, 47.72727272727273)
27 (1.3737167119979858, 5, 49.35064935064935)
28 (1.3535020351409912, 5, 50.0)
29 (1.3955568075180054, 6, 67.53246753246754)
30 (1.3084577322006226, 6, 70.45454545454545)
31 (1.4007792472839355, 6, 71.75324675324676)
32 (1.3350797891616821, 6, 73.37662337662337)
33 (1.378240942955017, 6, 74.67532467532467)
34 (1.3606230020523071, 6, 74.67532467532467)
35 (1.3250281810760498, 6, 74.67532467532467)
36 (1.3229856491088867, 6, 74.67532467532467)
37 (1.329072117805481, 7, 75.0)
38 (1.3158681392669678, 7, 75.0)
39 (1.35336434841156, 7, 75.0)
40 (1.2805054187774658, 7, 75.0)
41 (1.3092565536499023, 7, 75.0)
42 (1.2431704998016357, 7, 75.0)
43 (1.2273684740066528, 7, 75.0)
44 (1.3063446283340454, 8, 50.0)
45 (1.3368525505065918, 8, 50.0)
46 (1.4318292140960693, 8, 50.0)
47 (1.4047906398773193, 8, 50.0)
48 (1.3933590650558472, 8, 50.0)
49 (1.3264964818954468, 8, 50.0)
50 (1.3863977193832397, 9, 50.0)
51 (1.330108404159546, 9, 50.0)
52 (1.2890640497207642, 9, 50.0)
53 (1.2892872095108032, 9, 50.0)
54 (1.3268890380859375, 9, 50.0)
55 (1.336837649345398, 10, 41.55844155844156)
56 (1.3593286275863647, 10, 39.935064935064936)
57 (1.3541979789733887, 10, 39.935064935064936)
58 (1.3936364650726318, 10, 40.90909090909091)
59 (1.2730906009674072, 10, 42.532467532467535)
60 (1.3646020889282227, 10, 42.857142857142854)
61 (1.3400697708129883, 10, 44.8051948051948)
62 (1.3678743839263916, 10, 47.4025974025974)
63 (1.375489592552185, 10, 48.37662337662338)
64 (1.3269975185394287, 10, 48.701298701298704)
65 (1.341672658920288, 10, 49.35064935064935)
66 (1.3434127569198608, 10, 50.0)
67 (1.3183670043945312, 10, 50.0)
68 (1.287935733795166, 10, 50.0)
69 (1.3478481769561768, 10, 50.0)
70 (1.3030962944030762, 10, 50.0)
71 (1.3675920963287354, 10, 50.0)
72 (1.4403935670852661, 10, 50.0)
73 (1.3049341440200806, 10, 50.0)
74 (1.2735230922698975, 10, 50.0)
75 (1.329714059829712, 10, 50.0)
76 (1.2297170162200928, 10, 50.0)
77 (1.370723009109497, 10, 50.0)
78 (1.3509061336517334, 10, 50.0)
79 (1.3211978673934937, 10, 75.0)
80 (1.2607311010360718, 10, 75.0)
81 (1.2929502725601196, 10, 75.0)
82 (1.294687032699585, 10, 75.0)
83 (1.281424641609192, 10, 75.0)
84 (1.335312843322754, 10, 75.0)
85 (1.1987905502319336, 10, 75.0)
86 (1.3413443565368652, 10, 75.0)
87 (1.172243356704712, 10, 75.0)
88 (1.366957664489746, 10, 75.0)
89 (1.278015375137329, 10, 75.0)